01000000000000000000000000000000
02000000000000000000000000000000
03000000000000000000000000000000
04000000000000000000000000000000
05000000000000000000000000000000
06000000000000000000000000000000
07000000000000000000000000000000
08000000000000000000000000000000
09000000000000000000000000000000
10000000000000000000000000000000
11000000000000000000000000000000
12000000000000000000000000000000
13000000000000000000000000000000
14000000000000000000000000000000
15000000000000000000000000000000
16000000000000000100000000000000
17000000000000001100000000000000
18000000000000011110000000000000
19000000000000111111000000000000
20000000000001111111100000000000
21000000000011111111110000000000
22000000000111111111111000000000
23000000001111111111111100000000
24000000011111111111111110000000
25000000111111111111111111000000
26000001111111111111111111100000
27000011111111111111111111110000
28000111111111111111111111111000
29001111111111111111111111111100
30011111111111111111111111111110
31111111111111111111111111111111
32315678901234567890123456789012
